N = 9;
Capacity = 4;
ItemsPerCustomer = [4, 2, 6, 4, 8, 7, 7, 7, 4];
maxItemsPerCustomer = 8;
binCapacity = 50;
SizesOfItems = [|
  28, 24, 20, 19, 0, 0, 0, 0
| 31, 28, 0, 0, 0, 0, 0, 0
| 36, 35, 31, 28, 22, 11, 0, 0
| 32, 23, 16, 10, 0, 0, 0, 0
| 35, 34, 29, 26, 20, 19, 17, 13
| 50, 50, 50, 50, 50, 50, 50, 0
| 34, 23, 23, 20, 20, 17, 10, 0
| 37, 37, 21, 19, 13, 13, 10, 0
| 38, 25, 16, 11, 0, 0, 0, 0
|];
Distance = [|
  0, 20, 28, 48, 51, 20, 48, 47, 19, 64
| 20, 0, 46, 55, 48, 32, 28, 63, 30, 79
| 28, 46, 0, 36, 75, 40, 73, 51, 40, 38
| 48, 55, 36, 0, 99, 67, 72, 86, 67, 34
| 51, 48, 75, 99, 0, 36, 59, 51, 36, 113
| 20, 32, 40, 67, 36, 0, 57, 31, 1, 78
| 48, 28, 73, 72, 59, 57, 0, 88, 56, 101
| 47, 63, 51, 86, 51, 31, 88, 0, 33, 84
| 19, 30, 40, 67, 36, 1, 56, 33, 0, 78
| 64, 79, 38, 34, 113, 78, 101, 84, 78, 0
|];
