N = 8;
Capacity = 4;
ItemsPerCustomer = [6, 3, 3, 8, 6, 3, 3, 8];
maxItemsPerCustomer = 8;
binCapacity = 50;
SizesOfItems = [|
  38, 33, 32, 32, 16, 11, 0, 0
| 31, 29, 29, 0, 0, 0, 0, 0
| 22, 13, 10, 0, 0, 0, 0, 0
| 50, 50, 50, 50, 50, 50, 50, 50
| 35, 22, 21, 20, 12, 12, 0, 0
| 33, 20, 14, 0, 0, 0, 0, 0
| 40, 15, 14, 0, 0, 0, 0, 0
| 40, 29, 26, 23, 21, 18, 16, 12
|];
Distance = [|
  0, 35, 25, 8, 42, 41, 27, 30, 48
| 35, 0, 46, 36, 63, 70, 58, 33, 47
| 25, 46, 0, 33, 18, 26, 46, 18, 30
| 8, 36, 33, 0, 49, 47, 22, 37, 56
| 42, 63, 18, 49, 0, 17, 58, 32, 35
| 41, 70, 26, 47, 17, 0, 48, 44, 50
| 27, 58, 46, 22, 58, 48, 0, 56, 74
| 30, 33, 18, 37, 32, 44, 56, 0, 19
| 48, 47, 30, 56, 35, 50, 74, 19, 0
|];
