N = 9;
Capacity = 4;
ItemsPerCustomer = [4, 6, 2, 2, 8, 5, 8, 6, 3];
maxItemsPerCustomer = 8;
binCapacity = 50;
SizesOfItems = [|
  39, 38, 33, 18, 0, 0, 0, 0
| 37, 32, 30, 20, 19, 16, 0, 0
| 23, 19, 0, 0, 0, 0, 0, 0
| 32, 15, 0, 0, 0, 0, 0, 0
| 35, 26, 26, 22, 21, 16, 13, 11
| 34, 28, 20, 17, 15, 0, 0, 0
| 50, 39, 38, 35, 33, 30, 27, 13
| 40, 36, 29, 19, 18, 12, 0, 0
| 27, 16, 10, 0, 0, 0, 0, 0
|];
Distance = [|
  0, 43, 12, 39, 48, 18, 43, 46, 22, 51
| 43, 0, 36, 35, 50, 59, 48, 89, 44, 71
| 12, 36, 0, 43, 54, 29, 32, 55, 31, 44
| 39, 35, 43, 0, 14, 47, 71, 78, 23, 87
| 48, 50, 54, 14, 0, 51, 84, 80, 27, 98
| 18, 59, 29, 47, 51, 0, 57, 31, 25, 58
| 43, 48, 32, 71, 84, 57, 0, 73, 63, 26
| 46, 89, 55, 78, 80, 31, 73, 0, 55, 62
| 22, 44, 31, 23, 27, 25, 63, 55, 0, 73
| 51, 71, 44, 87, 98, 58, 26, 62, 73, 0
|];
