N = 9;
Capacity = 4;
ItemsPerCustomer = [7, 8, 4, 6, 8, 8, 8, 6, 7];
maxItemsPerCustomer = 8;
binCapacity = 50;
SizesOfItems = [|
  37, 34, 27, 26, 26, 22, 16, 0
| 36, 35, 35, 26, 20, 15, 12, 11
| 36, 29, 26, 17, 0, 0, 0, 0
| 39, 36, 31, 23, 16, 12, 0, 0
| 37, 35, 31, 29, 17, 15, 14, 12
| 50, 41, 40, 39, 27, 14, 14, 12
| 40, 38, 38, 38, 37, 22, 20, 18
| 38, 33, 32, 31, 24, 20, 0, 0
| 33, 20, 19, 18, 13, 11, 10, 0
|];
Distance = [|
  0, 26, 30, 40, 18, 45, 49, 28, 48, 45
| 26, 0, 26, 62, 42, 33, 33, 31, 57, 23
| 30, 26, 0, 47, 34, 16, 59, 8, 76, 48
| 40, 62, 47, 0, 22, 61, 88, 39, 79, 83
| 18, 42, 34, 22, 0, 50, 67, 28, 60, 62
| 45, 33, 16, 61, 50, 0, 64, 22, 88, 51
| 49, 33, 59, 88, 67, 64, 0, 64, 45, 15
| 28, 31, 8, 39, 28, 22, 64, 0, 76, 53
| 48, 57, 76, 79, 60, 88, 45, 76, 0, 56
| 45, 23, 48, 83, 62, 51, 15, 53, 56, 0
|];
