N = 9;
Capacity = 12;
ItemsPerCustomer = [3, 7, 6, 6, 5, 4, 4, 9, 3];
maxItemsPerCustomer = 9;
binCapacity = 50;
SizesOfItems = [|
  16, 12, 10, 0, 0, 0, 0, 0, 0
| 32, 29, 27, 26, 17, 16, 10, 0, 0
| 32, 30, 27, 24, 23, 17, 0, 0, 0
| 37, 35, 34, 28, 18, 10, 0, 0, 0
| 35, 32, 23, 20, 15, 0, 0, 0, 0
| 40, 18, 16, 14, 0, 0, 0, 0, 0
| 34, 20, 13, 12, 0, 0, 0, 0, 0
| 37, 35, 29, 22, 21, 21, 18, 13, 11
| 33, 27, 24, 0, 0, 0, 0, 0, 0
|];
Distance = [|
  0, 52, 45, 49, 48, 33, 46, 38, 35, 46
| 52, 0, 7, 13, 100, 72, 87, 63, 62, 92
| 45, 7, 0, 13, 93, 66, 81, 57, 57, 85
| 49, 13, 13, 0, 97, 63, 78, 67, 52, 84
| 48, 100, 93, 97, 0, 49, 49, 60, 63, 37
| 33, 72, 66, 63, 49, 0, 15, 70, 15, 22
| 46, 87, 81, 78, 49, 15, 0, 82, 27, 12
| 38, 63, 57, 67, 60, 70, 82, 0, 73, 77
| 35, 62, 57, 52, 63, 15, 27, 73, 0, 36
| 46, 92, 85, 84, 37, 22, 12, 77, 36, 0
|];
