N = 9;
Capacity = 4;
ItemsPerCustomer = [7, 4, 7, 3, 6, 4, 8, 7, 6];
maxItemsPerCustomer = 8;
binCapacity = 50;
SizesOfItems = [|
  40, 31, 25, 25, 23, 20, 15, 0
| 50, 50, 50, 50, 0, 0, 0, 0
| 38, 34, 34, 26, 21, 18, 10, 0
| 50, 50, 50, 0, 0, 0, 0, 0
| 26, 25, 25, 20, 16, 14, 0, 0
| 28, 19, 16, 12, 0, 0, 0, 0
| 38, 32, 26, 23, 22, 21, 11, 10
| 50, 50, 50, 50, 50, 50, 50, 0
| 38, 32, 32, 27, 22, 10, 0, 0
|];
Distance = [|
  0, 39, 45, 13, 22, 47, 23, 23, 38, 59
| 39, 0, 51, 46, 17, 38, 25, 57, 2, 44
| 45, 51, 0, 36, 48, 20, 58, 39, 49, 92
| 13, 46, 36, 0, 31, 43, 35, 12, 45, 71
| 22, 17, 48, 31, 0, 41, 12, 43, 17, 44
| 47, 38, 20, 43, 41, 0, 52, 50, 35, 81
| 23, 25, 58, 35, 12, 52, 0, 46, 26, 36
| 23, 57, 39, 12, 43, 50, 46, 0, 56, 82
| 38, 2, 49, 45, 17, 35, 26, 56, 0, 46
| 59, 44, 92, 71, 44, 81, 36, 82, 46, 0
|];
