N = 9;
Capacity = 4;
ItemsPerCustomer = [3, 6, 5, 6, 4, 3, 6, 5, 4];
maxItemsPerCustomer = 6;
binCapacity = 50;
SizesOfItems = [|
  50, 50, 50, 0, 0, 0
| 40, 32, 30, 27, 12, 11
| 24, 24, 20, 19, 12, 0
| 35, 32, 29, 17, 15, 14
| 37, 31, 20, 15, 0, 0
| 18, 15, 13, 0, 0, 0
| 40, 39, 30, 27, 16, 13
| 36, 36, 29, 16, 13, 0
| 31, 29, 13, 12, 0, 0
|];
Distance = [|
  0, 47, 33, 40, 50, 46, 59, 59, 36, 42
| 47, 0, 78, 19, 34, 52, 92, 32, 80, 63
| 33, 78, 0, 73, 82, 73, 64, 92, 4, 42
| 40, 19, 73, 0, 18, 33, 75, 21, 75, 68
| 50, 34, 82, 18, 0, 23, 70, 12, 85, 84
| 46, 52, 73, 33, 23, 0, 48, 34, 76, 86
| 59, 92, 64, 75, 70, 48, 0, 82, 68, 98
| 59, 32, 92, 21, 12, 34, 82, 0, 94, 89
| 36, 80, 4, 75, 85, 76, 68, 94, 0, 40
| 42, 63, 42, 68, 84, 86, 98, 89, 40, 0
|];
