N = 8;
Capacity = 4;
nbVehicles = 11;
maxVisitsPerCustomer = 2;
ItemsPerCustomer = [8, 6, 5, 3, 8, 3, 5, 3];
maxItemsPerCustomer = 8;
binCapacity = 50;
SizesOfItems = [|
  32, 25, 25, 22, 22, 21, 20, 14
| 35, 29, 26, 21, 19, 10, 0, 0
| 39, 23, 18, 15, 12, 0, 0, 0
| 31, 30, 24, 0, 0, 0, 0, 0
| 35, 34, 33, 30, 30, 26, 23, 20
| 32, 31, 28, 0, 0, 0, 0, 0
| 32, 24, 18, 11, 11, 0, 0, 0
| 31, 12, 10, 0, 0, 0, 0, 0
|];
Distance = [|
  0, 42, 34, 36, 63, 33, 46, 21, 36
| 42, 0, 37, 26, 89, 74, 70, 61, 78
| 34, 37, 0, 51, 53, 51, 34, 54, 60
| 36, 26, 51, 0, 96, 68, 78, 46, 68
| 63, 89, 53, 96, 0, 43, 19, 69, 55
| 33, 74, 51, 68, 43, 0, 36, 29, 12
| 46, 70, 34, 78, 19, 36, 0, 57, 48
| 21, 61, 54, 46, 69, 29, 57, 0, 24
| 36, 78, 60, 68, 55, 12, 48, 24, 0
|];
